141 7804.234307 3.968E-71 6.609E+01.03200.20824910.22010.50-.026840             10              7                    P  6      232421 5 3 5 3 2 3    44.0   52.0
141 7812.143996 9.595E-93 8.700E+01.08700.59834712.96620.500.013200             15             11                    P  1      232321 5 3 5 3 2 3     4.0   12.0
141 7814.124838 3.008E-93 4.472E+01.02300.10735397.48300.50-.047200             15             11                    R  7      232321 5 3 5 3 2 3    68.0   60.0
141 7819.865959 3.994E-91 2.990E+01.02200.05434370.80020.50-.075000             14             10                    P 12      232321 5 3 5 3 2 3    92.0  100.0
141 7821.757200 9.848E-84 3.183E+01.02100.04431053.64230.50-.075000              9              6                    R 25      232421 5 3 5 3 2 3   212.0  204.0
141 7822.266044 4.359E-80 5.057E+01.02100.04429358.63070.50-.075000             10              7                    R 18      232421 5 3 5 3 2 3   156.0  148.0
141 7823.819967 7.618E-20 8.897E+00.08500.633   41.11100.500.017630              2              0                    R  1      474622 5 3 5 2 2 3    20.0   12.0
141 7825.206163 4.880E-38 6.982E+00.02100.046 9061.57650.50-.075000              2              0                    R 21      462521 5 3 5 2 2 3   180.0  172.0
141 7828.441001 3.424E-91 2.130E+01.02200.04734418.58780.50-.075000             13              9                    P 18      232321 5 3 5 3 2 3   140.0  148.0
141 7833.108193 8.504E-96 3.367E+01.02100.04436716.20210.50-.075000             14             10                    R 18      232321 5 3 5 3 2 3   156.0  148.0
141 7834.900696 5.553E-99 2.299E+01.02200.08037975.61590.50-.054750             17             12                    P  9      232321 5 3 5 3 2 3    68.0   76.0
141 7836.573350 1.577E-86 1.922E+01.02100.04432308.89520.50-.075000              8              5                    R 30      232421 5 3 5 3 2 3   252.0  244.0
141 7839.969279 6.055E-93 4.356E+01.02500.14535220.99950.50-.036200             15             11                    R  6      232321 5 3 5 3 2 3    60.0   52.0
141 7849.989891 8.054E-92 5.550E+00.02100.04434605.99500.50-.075000              6              3                    R 38      342421 5 3 5 3 2 3   316.0  308.0
141 7854.911861 8.032E-71 6.757E+01.04500.33324725.72410.50-.013900             10              7                    P  5      232421 5 3 5 3 2 3    36.0   44.0
141 7855.641764 7.517E-20 9.427E+00.07600.622  123.28210.500.020560              2              0                    R  2      474622 5 3 5 2 2 3    28.0   20.0
141 7856.808387 7.659E-98 2.248E+01.02100.04437655.99710.50-.075000             13              9                    R 24      232321 5 3 5 3 2 3   204.0  196.0
141 7857.060331 1.085E-92 2.929E+01.08600.54734687.41680.500.039540             15             11                    R  0      232321 5 3 5 3 2 3    12.0    4.0
141 7857.595237 2.207E-36 7.204E+00.02100.046 8272.79600.50-.075000              2              0                    R 20      462521 5 3 5 2 2 3   172.0  164.0
141 7859.076796 1.064E-92 4.244E+01.02900.22235069.18020.50-.030100             15             11                    R  5      232321 5 3 5 3 2 3    52.0   44.0
141 7864.041313 1.475E-68 4.341E+01.02200.05423754.75740.50-.075000              9              6                    P 12      232421 5 3 5 3 2 3    92.0  100.0
141 7870.194014 1.922E-92 3.537E+01.08500.60434712.96620.500.017630             15             11                    R  1      232321 5 3 5 3 2 3    20.0   12.0
141 7871.559406 1.618E-92 4.128E+01.04100.34434942.27750.50-.016380             15             11                    R  4      232321 5 3 5 3 2 3    44.0   36.0
141 7873.653716 3.233E-66 9.048E+00.02200.04722478.40530.50-.075000              6              3                    P 25      342421 5 3 5 3 2 3   196.0  204.0
141 7875.006558 5.119E-79 5.130E+01.02100.04428841.19560.50-.075000             10              7                    R 17      232421 5 3 5 3 2 3   148.0  140.0
141 7875.425378 9.936E-89 1.090E+01.02100.04433257.22560.50-.075000              7              4                    R 34      242421 5 3 5 3 2 3   284.0  276.0
141 7876.981279 2.877E-67 2.766E+01.02200.04823124.55640.50-.075000              8              5                    P 17      232421 5 3 5 3 2 3   132.0  140.0
141 7877.035355 2.262E-92 3.818E+01.07600.59334764.02290.500.020560             15             11                    R  2      232321 5 3 5 3 2 3    28.0   20.0
141 7877.516322 2.097E-92 3.994E+01.05800.48334840.50220.50-.003700             15             11                    R  3      232321 5 3 5 3 2 3    36.0   28.0
141 7884.278153 5.402E-20 9.656E+00.05800.506  246.41180.50-.003700              2              0                    R  3      474622 5 3 5 2 2 3    36.0   28.0
141 7886.574838 8.554E-35 7.425E+00.02100.046 7515.25020.50-.075000              2              0                    R 19      462521 5 3 5 2 2 3   164.0  156.0
141 7901.745478 1.347E-70 6.970E+01.06000.49324571.58420.50-.006740             10              7                    P  4      232421 5 3 5 3 2 3    28.0   36.0
141 7902.385778 2.167E-92 6.143E+00.02200.04734834.20370.50-.075000             10              6                    P 30      232321 5 3 5 3 2 3   236.0  244.0
141 7904.810683 3.319E-66 1.663E+01.02200.04722559.94100.50-.075000              7              4                    P 21      242421 5 3 5 3 2 3   164.0  172.0
141 7905.941435 2.862E-82 3.245E+01.02100.04430352.05900.50-.075000              9              6                    R 24      232421 5 3 5 3 2 3   204.0  196.0
141 7909.689450 2.983E-20 9.742E+00.04100.360  410.34790.50-.016380              2              0                    R  4      474622 5 3 5 2 2 3    44.0   36.0
141 7909.722335 1.659E-90 3.065E+01.02200.05834059.53990.50-.075000             14             10                    P 11      232321 5 3 5 3 2 3    84.0   92.0
141 7912.130847 2.829E-33 7.644E+00.02100.046 6789.81480.50-.075000              2              0                    R 18      462521 5 3 5 2 2 3   156.0  148.0
141 7914.122177 5.344E-66 2.664E-01.02200.04721712.06230.50-.075000              3              0                    P 34      442421 5 3 5 3 2 3   268.0  276.0
141 7918.466209 1.448E-65 2.909E+00.02200.04721957.93550.50-.075000              5              2                    P 28      442421 5 3 5 3 2 3   220.0  228.0
141 7922.989773 5.318E-78 5.199E+01.02100.04428348.46190.50-.075000             10              7                    R 16      232421 5 3 5 3 2 3   140.0  132.0
141 7930.434381 1.318E-98 2.260E+01.02300.10337763.61240.50-.042700             17             12                    P  8      232321 5 3 5 3 2 3    60.0   68.0
141 7931.528521 2.143E-65 1.119E+00.02200.04721701.25350.50-.075000              4              1                    P 31      442421 5 3 5 3 2 3   244.0  252.0
141 7931.838996 1.298E-20 9.747E+00.02900.233  614.88840.50-.030100              2              0                    R  5      474622 5 3 5 2 2 3    52.0   44.0
141 7933.250780 6.550E-95 3.227E+01.02100.04436271.45170.50-.075000             14             10                    R 17      232321 5 3 5 3 2 3   148.0  140.0
141 7933.420746 3.633E-99 1.121E+01.02200.04838033.60700.50-.075000             16             11                    P 16      232321 5 3 5 3 2 3   124.0  132.0
141 7934.251910 7.951E-32 7.861E+00.02100.046 6097.33360.50-.075000              2              0                    R 17      462521 5 3 5 2 2 3   148.0  140.0
141 7937.788248 1.055E-90 1.552E+01.02200.04734158.58760.50-.075000             12              8                    P 22      232321 5 3 5 3 2 3   172.0  180.0
141 7938.027335 8.334E-68 4.400E+01.02200.05823378.74410.50-.075000              9              6                    P 11      232421 5 3 5 3 2 3    84.0   92.0
141 7942.732530 8.496E-85 1.963E+01.02100.04431480.97470.50-.075000              8              5                    R 29      232421 5 3 5 3 2 3   244.0  236.0
141 7944.688712 1.826E-70 7.335E+01.07600.64124448.01430.500.007810             10              7                    P  3      232421 5 3 5 3 2 3    20.0   28.0
141 7949.536670 3.193E-90 2.218E+01.02200.04833949.23150.50-.075000             13              9                    P 17      232321 5 3 5 3 2 3   132.0  140.0
141 7950.693235 4.511E-21 9.700E+00.02500.152  859.78120.50-.036200              2              0                    R  6      474622 5 3 5 2 2 3    60.0   52.0
141 7951.133514 7.623E-95 8.172E-01.02200.04735633.80770.50-.075000              7              3                    P 39      242321 5 3 5 3 2 3   308.0  316.0
141 7952.929564 1.890E-30 8.075E+00.02100.046 5438.61670.50-.075000              2              0                    R 16      462521 5 3 5 2 2 3   140.0  132.0
141 7960.038353 4.203E-91 1.023E+01.02200.04734296.16620.50-.075000             11              7                    P 26      232321 5 3 5 3 2 3   204.0  212.0
141 7960.830502 1.042E-92 3.445E+00.02200.04734882.77340.50-.075000              9              5                    P 33      232321 5 3 5 3 2 3   260.0  268.0
141 7966.221784 1.264E-21 9.615E+00.02300.112 1144.72530.50-.047200              2              0                    R  7      474622 5 3 5 2 2 3    68.0   60.0
141 7966.265756 4.869E-77 5.263E+01.02100.04527881.10200.50-.075000             10              7                    R 15      232421 5 3 5 3 2 3   132.0  124.0
141 7968.158342 3.784E-29 8.284E+00.02100.047 4814.43940.50-.075000              2              0                    R 15      472521 5 3 5 2 2 3   132.0  124.0
141 7969.211300 3.673E-66 2.812E+01.02200.04822586.30940.50-.075000              8              5                    P 16      232421 5 3 5 3 2 3   124.0  132.0
141 7976.109125 1.593E-93 1.768E+00.02200.04735149.14220.50-.075000              8              4                    P 36      232321 5 3 5 3 2 3   284.0  292.0
141 7978.397480 2.872E-22 9.503E+00.02300.085 1469.37140.50-.048370              2              0                    R  8      474622 5 3 5 2 2 3    76.0   68.0
141 7979.935870 6.357E-28 8.488E+00.02100.048 4225.54040.50-.075000              2              0                    R 14      472521 5 3 5 2 2 3   124.0  116.0
141 7983.695710 1.896E-70 8.160E+01.08400.66324355.18630.500.017600             10              7                    P  2      232421 5 3 5 3 2 3    12.0   20.0
141 7985.155771 7.529E-81 3.305E+01.02100.04429670.84130.50-.075000              9              6                    R 23      232421 5 3 5 3 2 3   196.0  188.0
141 7987.196433 5.323E-23 9.369E+00.02200.069 1833.32250.50-.065000              2              0                    R  9      474622 5 3 5 2 2 3    84.0   76.0
141 7988.262942 8.923E-27 8.684E+00.02100.049 3672.62000.50-.075000              2              0                    R 13      472521 5 3 5 2 2 3   116.0  108.0
141 7989.813176 1.096E-89 5.674E+00.02100.04433587.27130.50-.075000              6              3                    R 37      342421 5 3 5 3 2 3   308.0  300.0
141 7992.598056 8.085E-24 9.217E+00.02100.060 2236.13460.50-.075000              2              0                    R 10      472621 5 3 5 2 2 3    92.0   84.0
141 7992.979322 1.511E-64 9.276E+00.02200.04721677.86200.50-.075000              6              3                    P 24      342421 5 3 5 3 2 3   188.0  196.0
141 7993.143580 1.043E-25 8.873E+00.02100.051 3156.33930.50-.075000              2              0                    R 12      472521 5 3 5 2 2 3   108.0  100.0
141 7993.840281 6.085E-90 3.145E+01.02200.06633772.47280.50-.065000             14             10                    P 10      232321 5 3 5 3 2 3    76.0   84.0
141 7994.585083 1.010E-24 9.051E+00.02100.054 2677.31830.50-.075000              2              0                    R 11      472521 5 3 5 2 2 3   100.0   92.0
141 7998.082846 1.172E-96 2.154E+01.02100.04437070.35280.50-.075000             13              9                    R 23      232321 5 3 5 3 2 3   196.0  188.0
141 7998.474766 8.693E-87 1.114E+01.02100.04432329.54410.50-.075000              7              4                    R 33      242421 5 3 5 3 2 3   276.0  268.0
141 8004.879837 3.914E-76 5.323E+01.02100.04527439.75440.50-.075000             10              7                    R 14      232421 5 3 5 3 2 3   124.0  116.0
141 8007.163251 9.282E-99 1.410E+01.02100.04438016.31620.50-.075000             12              8                    R 28      232321 5 3 5 3 2 3   236.0  228.0
141 8008.488269 4.045E-67 4.459E+01.02200.06623032.26190.50-.065000              9              6                    P 10      232421 5 3 5 3 2 3    76.0   84.0
141 8011.017407 8.183E-65 1.698E+01.02200.04721889.04440.50-.075000              7              4                    P 20      242421 5 3 5 3 2 3   156.0  164.0
141 8016.709310 2.777E-98 2.237E+01.02400.14637574.19130.50-.035800             17             12                    P  7      232321 5 3 5 3 2 3    52.0   60.0
141 8018.721387 1.270E-70 1.225E+02.08700.59824293.22900.500.013200             10              7                    P  1      232421 5 3 5 3 2 3     4.0   12.0
141 8023.575620 2.754E-99 2.759E+01.02100.05738209.81550.50-.075000             17             12                    R 10      232321 5 3 5 3 2 3    92.0   84.0
141 8025.125553 4.612E-94 3.129E+01.02100.04435847.36770.50-.075000             14             10                    R 16      232321 5 3 5 3 2 3   140.0  132.0
141 8031.211704 1.342E-99 6.139E+00.02200.04738167.03330.50-.075000             15             10                    P 21      232321 5 3 5 3 2 3   164.0  172.0
141 8038.873633 2.754E-75 5.379E+01.02100.04727025.02310.50-.075000             10              7                    R 13      232421 5 3 5 3 2 3   116.0  108.0
141 8043.810705 4.218E-83 2.004E+01.02100.04430669.80750.50-.075000              8              5                    R 28      232421 5 3 5 3 2 3   236.0  228.0
141 8047.621598 1.148E-63 3.056E+00.02200.04721054.12220.50-.075000              5              2                    P 27      442421 5 3 5 3 2 3   212.0  220.0
141 8058.217800 4.080E-65 2.858E+01.02200.04822075.99530.50-.075000              8              5                    P 15      232421 5 3 5 3 2 3   116.0  124.0
141 8059.477194 1.784E-79 3.363E+01.02100.04429010.87560.50-.075000              9              6                    R 22      232421 5 3 5 3 2 3   188.0  180.0
141 8061.611782 1.139E-63 2.842E-01.02200.04720608.36240.50-.075000              3              0                    P 33      442421 5 3 5 3 2 3   260.0  268.0
141 8065.016960 2.662E-89 2.305E+01.02200.04833501.94320.50-.075000             13              9                    P 16      232321 5 3 5 3 2 3   124.0  132.0
141 8068.285929 1.690E-74 5.428E+01.02100.04826637.47660.50-.075000             10              7                    R 12      232421 5 3 5 3 2 3   108.0  100.0
141 8070.084598 2.806E-63 1.184E+00.02200.04720696.09480.50-.075000              4              1                    P 30      442421 5 3 5 3 2 3   236.0  244.0
141 8072.252100 1.962E-89 3.228E+01.02200.08033510.05060.50-.054750             14             10                    P  9      232321 5 3 5 3 2 3    68.0   76.0
141 8075.371419 1.681E-66 4.521E+01.02200.08022715.77470.50-.054750              9              6                    P  9      232421 5 3 5 3 2 3    68.0   76.0
141 8076.371541 9.473E-91 6.265E+00.02200.04734044.99290.50-.075000             10              6                    P 29      232321 5 3 5 3 2 3   228.0  236.0
141 8076.653128 1.453E-70 4.075E+01.08600.54724262.22880.500.039540             10              7                    R  0      232421 5 3 5 3 2 3    12.0    4.0
141 8077.383922 1.687E-89 1.610E+01.02200.04733578.83940.50-.075000             12              8                    P 21      232321 5 3 5 3 2 3   164.0  172.0
141 8086.020212 2.003E-98 1.081E+01.02200.04837653.31910.50-.075000             16             11                    P 15      232321 5 3 5 3 2 3   116.0  124.0
141 8093.153418 9.013E-74 5.472E+01.02100.05226277.64680.50-.075000             10              7                    R 11      232421 5 3 5 3 2 3   100.0   92.0
141 8093.889599 5.163E-98 2.230E+01.03200.20837407.69620.50-.026840             17             12                    P  6      232321 5 3 5 3 2 3    44.0   52.0
141 8099.474028 2.481E-70 4.879E+01.08500.60424293.22900.500.017630             10              7                    R  1      232421 5 3 5 3 2 3    20.0   12.0
141 8103.304854 2.240E-94 3.417E-01.02200.04735235.30870.50-.075000              6              2                    P 41      342321 5 3 5 3 2 3   324.0  332.0
141 8105.324247 7.284E-99 2.613E+01.02200.06637975.61590.50-.065000             17             12                    R  9      232321 5 3 5 3 2 3    84.0   76.0
141 8109.060048 2.956E-93 3.066E+01.02100.04535444.63420.50-.075000             14             10                    R 15      232321 5 3 5 3 2 3   132.0  124.0
141 8109.641747 6.278E-63 9.505E+00.02200.04720901.23390.50-.075000              6              3                    P 23      342421 5 3 5 3 2 3   180.0  188.0
141 8113.511349 4.163E-73 5.509E+01.02100.05725946.02860.50-.075000             10              7                    R 10      232421 5 3 5 3 2 3    92.0   84.0
141 8114.271294 1.772E-63 1.732E+01.02200.04721244.35940.50-.075000              7              4                    P 19      242421 5 3 5 3 2 3   148.0  156.0
141 8116.420666 7.123E-85 1.139E+01.02100.04431415.52270.50-.075000              7              4                    R 32      242421 5 3 5 3 2 3   268.0  260.0
141 8117.222897 1.125E-89 1.050E+01.02200.04733609.11800.50-.075000             11              7                    P 25      232321 5 3 5 3 2 3   196.0  204.0
141 8118.143418 2.732E-70 5.212E+01.07600.59324355.18630.500.020560             10              7                    R  2      232421 5 3 5 3 2 3    28.0   20.0
141 8124.488852 1.421E-87 5.804E+00.02100.04432578.79290.50-.075000              6              3                    R 36      342421 5 3 5 3 2 3   300.0  292.0
141 8128.970753 3.793E-78 3.421E+01.02100.04428373.02160.50-.075000              9              6                    R 21      232421 5 3 5 3 2 3   180.0  172.0
141 8129.394062 1.660E-72 5.538E+01.02200.06625643.07870.50-.065000             10              7                    R  9      232421 5 3 5 3 2 3    84.0   76.0
141 8129.801421 1.689E-95 2.110E+01.02100.04436501.99240.50-.075000             13              9                    R 22      232321 5 3 5 3 2 3   188.0  180.0
141 8132.621631 2.303E-70 5.384E+01.05800.48324448.01430.50-.003700             10              7                    R  3      232421 5 3 5 3 2 3    36.0   28.0
141 8138.623866 5.949E-66 4.586E+01.02300.10322429.70710.50-.042700              9              6                    P  8      232421 5 3 5 3 2 3    60.0   68.0
141 8139.914421 1.921E-81 2.045E+01.02100.04429876.40170.50-.075000              8              5                    R 27      232421 5 3 5 3 2 3   228.0  220.0
141 8140.835454 5.689E-72 5.558E+01.02300.08125369.21510.50-.048370             10              7                    R  8      232421 5 3 5 3 2 3    76.0   68.0
141 8142.870181 1.567E-70 5.481E+01.04100.34424571.58420.50-.016380             10              7                    R  4      232421 5 3 5 3 2 3    44.0   36.0
141 8143.944010 3.927E-64 2.903E+01.02200.04921594.27060.50-.075000              8              5                    P 14      232421 5 3 5 3 2 3   108.0  116.0
141 8144.977931 5.537E-89 3.315E+01.02300.10333272.68550.50-.042700             14             10                    P  8      232321 5 3 5 3 2 3    60.0   68.0
141 8145.726740 6.810E-91 3.512E+00.02200.04734010.85620.50-.075000              9              5                    P 32      232321 5 3 5 3 2 3   252.0  260.0
141 8147.869364 1.669E-71 5.566E+01.02300.10725124.81620.50-.047200             10              7                    R  7      232421 5 3 5 3 2 3    68.0   60.0
141 8148.851709 8.829E-71 5.534E+01.02900.22224725.72410.50-.030100             10              7                    R  5      232421 5 3 5 3 2 3    52.0   44.0
141 8150.529901 4.173E-71 5.560E+01.02500.14524910.22010.50-.036200             10              7                    R  6      232421 5 3 5 3 2 3    60.0   52.0
141 8156.472301 1.085E-92 8.498E-01.02200.04734605.99500.50-.075000              7              3                    P 38      242321 5 3 5 3 2 3   300.0  308.0
141 8162.099609 8.391E-98 2.245E+01.04500.33337264.42750.50-.013900             17             12                    P  5      232321 5 3 5 3 2 3    36.0   44.0
141 8171.467956 1.548E-91 1.817E+00.02200.04734197.46490.50-.075000              8              4                    P 35      232321 5 3 5 3 2 3   276.0  284.0
141 8172.560123 2.380E-97 1.406E+01.02100.04437332.87470.50-.075000             12              8                    R 27      232321 5 3 5 3 2 3   228.0  220.0
141 8174.359050 8.153E-62 3.203E+00.02200.04720172.43870.50-.075000              5              2                    P 26      442421 5 3 5 3 2 3   204.0  212.0
141 8174.963274 1.977E-88 2.387E+01.02200.04833077.39560.50-.075000             13              9                    P 15      232321 5 3 5 3 2 3   116.0  124.0
141 8176.100651 1.721E-98 2.477E+01.02300.08137763.61240.50-.048370             17             12                    R  8      232321 5 3 5 3 2 3    76.0   68.0
141 8185.334111 1.715E-92 3.032E+01.02100.04535063.89680.50-.075000             14             10                    R 14      232321 5 3 5 3 2 3   124.0  116.0
141 8193.691732 7.203E-77 3.477E+01.02100.04427758.11120.50-.075000              9              6                    R 20      232421 5 3 5 3 2 3   172.0  164.0
141 8198.192784 1.785E-65 4.659E+01.02400.14622174.44350.50-.035800              9              6                    P  7      232421 5 3 5 3 2 3    52.0   60.0
